139.7744 35.6839
106.8451 -6.2146
120.9833 14.6000
126.9900 37.5600
-99.1333 19.4333
31.2358 30.0444
116.4075 39.9040
37.6178 55.7558
100.5167 13.7500
90.3944 23.7289
-58.3819 -34.5997
15.3139 -4.3317
51.4167 35.7000
-0.1275 51.5072
2.3522 48.8566
-77.0375 -12.0600
13.2344 -8.8383
101.6953 3.1478
105.8412 21.0245
-74.0705 4.6126
39.2833 -6.8000
114.1831 22.3069
-70.6667 -33.4500
46.7100 24.6500
44.4167 33.3500
32.5265 15.6031
-3.7167 40.4167
36.8172 -1.2864
96.1600 16.7950
-77.0163 38.9047
103.8000 1.3000
-4.0267 5.3364
69.1658 34.5328
35.9333 31.9500
13.3833 52.5167
3.0586 36.7764
38.7369 9.0272
-47.8828 -15.7939
47.9800 29.3750
30.5236 50.4500
44.2000 15.3500
-90.5252 14.6099
12.4828 41.8931
-68.1475 -16.4942
125.7300 39.0300
47.5214 -18.9386
-69.8933 18.4764
69.2667 41.3000
-1.5275 12.3686
11.5181 3.8578
-0.1870 5.6037
49.8352 40.3667
31.0522 -17.8292
-82.3589 23.1367
104.9210 11.5696
45.3425 2.0408
-7.9922 12.6458
-78.5125 -0.2200
27.5618 53.9022
-66.9333 10.5000
16.3725 48.2083
26.0833 44.4000
15.2833 -4.2667
21.0111 52.2300
36.2919 33.5131
4.3314 50.8353
28.2833 -15.4167
19.0408 47.4983
-13.6773 9.5380
32.5811 0.3136
54.3969 24.4511
58.5922 23.6139
106.9055 47.9214
20.4667 44.8167
14.4167 50.0833
-56.1667 -34.8667
23.3217 42.6979
7.4914 9.0556
32.5764 -25.9153
51.5333 25.3000
-17.4572 14.7319
96.1150 19.7475
30.0606 -1.9536
13.1875 32.8752
-87.2067 14.0942
44.7925 41.7225
15.0500 12.1100
12.5615 55.6805
44.5144 40.1814
71.4333 51.1333
-15.9785 18.0858
74.5667 42.8667
10.1800 36.8008
85.3667 27.7167
2.1111 13.5086
-86.2667 12.1500
-10.8047 6.3106
-72.3386 18.5425
73.0369 33.6989
-75.6950 45.4247
18.0686 59.3294
38.9167 15.3333
-13.2331 8.4833
102.6000 17.9667
35.2167 31.7833
18.5628 4.3732
-79.5000 9.0000
4.8833 52.3667
1.2228 6.1319
9.4544 0.3901
15.9772 45.8131
68.7864 38.5731
33.7833 -13.9833
2.5180 6.4020
79.8333 6.9167
28.1881 -25.7464
10.7528 59.9111
23.7281 37.9842
29.3611 -3.3825
24.9342 60.1756
21.4333 41.9833
28.8353 47.0228
24.1069 56.9475
-76.7931 17.9714
-6.8361 34.0253
25.2833 54.6833
-89.1914 13.6989
43.1481 11.5950
-6.2603 53.3497
4.3100 52.0800
-57.6333 -25.3000
-9.1390 38.7080
17.1128 48.1447
24.7450 59.4372
35.5131 33.8869
18.4250 -33.9250
19.8200 41.3300
174.7772 -41.2889
35.7460 -6.1835
-15.5956 11.8592
149.1269 -35.2931
31.6000 4.8500
-5.2742 6.8161
27.4800 -29.3100
33.3650 35.1725
17.0836 -22.5700
147.1494 -9.4789
2.6167 6.4833
-65.2592 -19.0431
-84.0833 9.9333
14.5167 46.0500
18.4132 43.8563
-77.3333 25.0667
26.2167 -29.1000
-61.0800 14.6104
77.2090 28.6139
25.9086 -24.6569
-55.1667 5.8667
125.5783 -8.5536
73.5083 4.1750
-58.1667 6.7833
-5.3781 36.1324
55.4481 -20.8789
8.7737 3.7521
19.2661 42.4397
50.5775 26.2250
57.5000 -20.1667
-68.9350 12.1080
7.4474 46.9480
-149.5667 -17.5334
6.1328 49.6106
-21.9350 64.1475
-23.5092 14.9177
79.9164 6.9000
-59.6167 13.0975
43.2536 -11.7036
89.6333 27.4833
31.1617 -26.3208
166.4443 -22.2625
159.9500 -9.4333
178.4333 -18.1333
32.8500 39.9300
-60.9833 14.0167
-52.3300 4.9330
6.7333 0.3333
168.3167 -17.7333
-64.7839 32.2942
114.9167 4.9167
7.4069 43.7396
29.9250 -3.4283
-61.5167 10.6667
-171.8333 -13.8333
173.0176 1.3382
-70.0358 12.5186
-2.1100 49.1858
-16.5775 13.4531
45.2750 -12.7871
171.3802 7.0918
-4.4819 54.1500
-81.3744 19.2866
55.4544 -4.6236
-61.2333 13.1667
1.5000 42.5000
-61.8447 17.1211
-175.2083 -21.1347
58.3833 37.9500
-51.7333 64.1750
-88.7675 17.2500
-61.3833 15.3000
-62.7342 17.2983
-6.7833 62.0000
-170.7046 -14.2740
14.5125 35.8978
34.4560 31.5069
-71.1360 21.4664
158.1850 6.9178
179.1942 -8.5243
9.5219 47.1397
31.2064 -26.4465
-159.7710 -21.2070
-61.7417 12.0444
12.4484 43.9320
35.2269 31.7764
145.7546 15.2137
-57.8500 -51.7000
12.4534 41.9033
-169.9210 -19.0560
-61.7055 16.0104
144.7504 13.4745
-63.0847 18.0706
-5.7179 -15.9251
-62.2106 16.7928
-63.0492 18.0256
166.9209 -0.5477
21.1622 42.6633
-62.8508 17.8958
-64.6167 18.4167
134.6242 7.5006
-56.1764 46.7811
-63.0500 18.2167
-176.1736 -13.2825
167.9617 -29.0569
15.6333 78.2167
-10.6089 26.0928
-130.0833 -25.0667
105.7167 -10.4167
-36.5000 -54.2833
-66.0636 18.4037
-64.9332 18.3419
