139.7744 35.6839
135.4582 34.7520
136.9333 35.1167
139.6333 35.4333
130.4167 33.6000
141.3544 43.0621
139.7000 35.5167
135.1830 34.6913
135.7683 35.0117
139.6453 35.8617
132.4500 34.4000
140.8694 38.2683
140.1064 35.6073
139.6533 35.6464
130.8833 33.8833
135.4833 34.5667
139.0364 37.9161
137.7333 34.7167
139.6167 35.7500
139.7161 35.5614
130.7078 32.8031
139.3667 35.5667
133.9167 34.6500
139.8757 35.6924
139.8000 35.7833
138.3825 34.9756
139.9825 35.6947
139.7242 35.8078
139.6833 35.7667
139.6167 35.6833
130.5281 31.5800
139.3167 35.6667
139.8167 35.6667
134.6833 34.8167
139.8833 36.5500
132.7667 33.8333
139.9311 35.7219
139.9031 35.7878
135.6008 34.6794
135.3333 34.7333
131.6067 33.2333
133.7719 34.5850
139.8500 35.7333
136.6565 36.5611
133.3625 34.4858
135.4000 34.7333
139.4911 35.3388
139.4467 35.5486
139.9689 35.8544
139.7333 35.6000
140.7475 40.8222
137.1567 35.0833
134.0500 34.3500
137.2200 36.7000
135.4667 34.7833
129.8667 32.7833
135.6500 34.8167
136.7667 35.4167
131.4167 31.9167
135.5167 34.7667
139.6667 35.2500
137.1667 34.9500
136.8031 35.3039
137.3916 34.7692
139.7333 35.7500
139.0000 36.3167
138.1928 36.6486
139.7167 35.7000
139.6638 35.7074
139.4833 35.9333
135.1667 34.2333
135.7833 34.6833
139.7908 35.8911
135.6167 34.8500
139.4689 35.7994
135.8500 35.0167
140.8833 37.0333
140.4642 40.6031
139.0667 36.3833
142.3650 43.7706
140.2950 37.4128
133.5314 33.5589
127.6789 26.2122
139.7167 35.7333
136.6167 34.9667
136.9724 35.2477
139.6833 35.6333
134.9975 34.6431
130.5167 33.3167
140.1025 39.7197
139.8167 35.7000
141.1500 39.6833
135.5686 34.8164
140.4733 37.7608
136.5056 34.7186
139.7514 35.6581
139.4778 35.6689
140.4667 36.3667
140.1156 35.4981
135.6008 34.6269
138.8333 37.4333
134.8414 34.7569
139.3422 35.3231
136.2196 36.0641
139.8056 35.8256
139.7500 35.7167
134.5500 34.0667
130.9333 33.9500
140.7289 41.7686
139.5408 35.6506
139.7014 35.6583
139.4047 35.3339
139.4616 35.4693
140.3333 38.2500
140.0667 36.0333
138.6764 35.1614
129.7156 33.1800
139.7833 35.7333
137.9719 36.2381
135.6281 34.7661
130.3000 33.2667
139.7525 35.9753
139.5933 35.9775
139.7800 35.7126
135.3406 34.8114
139.3667 35.4333
139.3758 36.2917
141.4883 40.5122
139.5386 35.7258
132.5658 34.2492
139.2000 36.3167
139.4774 35.7285
135.4056 34.7867
139.5594 35.6833
139.9025 35.8561
140.0997 35.7225
133.0486 35.4681
132.7333 34.4167
139.3950 35.6714
136.5842 34.8822
139.3886 36.1472
131.4739 34.1781
137.0833 34.9667
139.1522 35.2647
135.3667 34.4667
138.8636 35.0956
139.4079 35.7139
138.5667 35.6667
134.2350 35.5011
138.2333 37.1500
137.3759 34.8268
139.7667 35.6667
140.0267 35.6808
135.7794 34.8808
139.9017 35.6536
139.5525 35.3197
140.6500 36.6000
132.7550 35.3681
139.5653 35.7933
140.2239 35.7239
141.6055 42.6341
137.0667 34.8667
139.8003 36.3147
137.8514 34.7178
137.0257 36.7541
143.1967 42.9236
139.2203 35.3747
144.3833 42.9833
131.2467 33.9517
139.5661 35.7178
131.0617 31.7197
139.4686 35.7547
136.6128 35.3594
136.5275 34.5781
137.0021 34.9893
140.5344 36.3964
139.4500 35.6333
139.7341 36.3824
139.8747 35.9550
138.2491 36.4019
135.5617 34.7358
135.4172 34.8300
139.6669 36.0622
139.5936 35.7972
139.4122 35.8531
136.9167 35.2833
139.6778 35.8175
132.9978 34.0661
139.3911 35.8358
133.3311 35.4281
139.8725 35.8303
135.9667 35.0167
136.8486 35.3989
127.8056 26.3342
139.4497 36.3403
139.2814 36.1975
138.2339 34.9194
139.4622 35.7108
139.3908 35.4464
136.6839 35.0622
135.4706 34.8269
139.7167 36.1833
141.3061 38.4281
140.2000 36.0667
139.5031 35.6994
139.4075 35.4886
131.8061 34.0553
139.9169 35.3761
138.3167 34.8667
136.7833 35.2500
130.0536 32.8442
139.2750 35.7883
140.0282 35.8642
140.3167 35.7833
133.2050 34.4089
132.2197 34.1669
137.0833 35.2167
135.5833 34.7333
138.6214 35.2222
140.9556 38.5772
130.6914 33.6458
139.5297 35.7581
135.6233 34.7119
135.5517 34.5781
130.7631 31.7411
127.8575 26.3792
136.7167 34.4833
130.6181 32.5178
135.7925 34.5094
127.7219 26.2458
139.8217 38.7217
141.5361 43.1039
139.5197 35.8794
136.9267 34.8992
130.4703 33.5328
139.3536 35.7056
139.5222 36.0658
135.7006 34.6919
139.9297 37.4947
131.6650 32.5822
131.4911 33.2847
139.7092 35.6536
129.9686 33.4500
139.5492 35.8567
140.0461 36.9617
136.9000 35.0167
143.8942 43.8081
133.2834 33.9603
139.5783 36.3144
132.3333 34.3500
140.0008 35.7769
137.9983 34.7686
136.2833 35.3833
131.5667 34.0500
136.2500 35.2500
141.0000 43.1833
136.2078 35.1128
141.1389 39.1444
135.6061 34.5578
141.1266 38.9347
135.5972 34.4992
139.6018 36.1314
130.4461 33.0303
136.5656 36.5144
133.7978 34.2894
135.2253 34.8894
138.9186 35.1186
135.4333 34.8167
137.1322 35.3328
136.4500 36.4167
139.3306 36.4053
140.0503 35.9114
130.4789 33.5364
140.1458 35.8322
130.5156 33.4964
127.7783 26.2817
133.1812 33.9196
139.3150 35.4028
139.4031 35.9572
135.5641 34.4581
130.8522 31.3783
136.8667 35.3333
135.3033 34.7278
139.8392 35.8228
139.5047 35.6381
139.5786 35.6347
140.1683 35.6700
137.0333 35.1333
136.9667 35.0167
135.5622 34.7772
139.6058 35.7814
136.8037 35.1884
136.8861 35.2503
139.4267 35.7456
134.7906 34.7658
139.6794 35.8256
139.4308 35.4400
137.0333 35.2167
135.6956 34.9267
139.4414 35.6839
139.5803 35.8367
139.5264 35.7858
135.6992 34.5414
135.4103 34.5044
135.6800 34.7881
139.5583 36.0028
135.7800 34.8531
137.1167 35.0000
139.3875 35.7547
136.8500 35.2000
130.5239 33.5128
137.0000 34.8833
139.8556 35.8958
139.3931 35.9344
135.7078 34.8756
139.7536 35.6940
137.0167 35.0500
139.7412 35.8267
135.5975 34.5747
135.6286 34.5792
139.5300 36.0269
127.6811 26.1772
137.0486 35.1842
141.0044 38.2939
135.7364 34.5150
139.6622 35.9942
135.5556 34.5036
135.6983 34.9486
136.7333 35.1833
139.3267 35.7386
127.8057 26.3344
136.6097 36.5194
135.4422 34.5206
139.5781 35.2948
139.3111 35.7672
135.6394 34.7400
132.5044 34.3925
141.0222 38.3144
139.6769 36.0189
136.8667 35.2833
136.9877 34.9276
139.3842 35.3731
130.4806 33.6108
139.6239 36.0000
137.0525 35.0969
135.3561 34.4014
127.7286 26.1911
139.4050 36.2478
130.7090 33.8167
139.5267 35.8283
136.8000 35.1333
136.8200 35.1750
134.8681 34.7153
134.4950 34.1267
136.9131 35.3592
127.7656 26.2261
139.7228 36.0225
135.7508 34.5428
132.5361 34.3722
139.2553 35.2994
130.7000 33.8500
127.7639 26.3200
136.7828 35.3897
135.7069 34.5947
135.6956 34.6003
134.5469 34.1256
136.7667 35.3667
135.7167 34.5628
127.7547 26.1994
138.5350 35.6281
136.6861 35.4369
133.8256 34.3106
135.4011 34.4869
135.7367 34.5783
135.6886 34.9028
136.9122 35.2508
135.3275 34.4067
137.0611 35.4258
139.9831 36.3072
134.0044 35.0694
139.8364 38.9144
130.1958 33.5572
138.4769 36.2489
141.6500 42.8167
130.5406 33.8056
137.8219 35.5147
129.9539 32.9214
140.6647 35.8900
138.1761 34.8364
139.7450 36.5672
139.3333 37.9500
137.9056 36.3039
138.9617 37.6368
139.4000 36.0422
141.1167 39.3886
141.1131 39.2867
130.3042 31.8133
137.0994 36.7125
133.0786 34.3975
136.1663 34.9661
136.2317 36.1669
137.9250 34.7503
140.2881 35.4283
138.9350 35.3086
135.5725 35.0133
135.3586 34.4378
136.1300 34.7686
135.7828 34.6494
140.1500 35.9833
136.9178 35.4958
136.8667 35.0000
137.2522 36.1458
135.9944 35.0589
140.5666 39.3137
131.1883 33.5983
136.0981 35.1283
140.9736 42.3153
133.5492 33.9808
139.9025 35.3306
138.5590 37.3719
140.1167 37.9167
137.2196 34.8264
139.2942 35.7289
136.1692 35.9033
140.8919 38.1717
139.4558 36.1389
139.3181 35.8519
141.7758 43.1961
140.0131 36.4403
135.3333 35.4500
135.8208 34.7369
139.1903 36.2439
138.9667 37.6667
134.8167 35.5333
139.6982 36.7198
140.1833 35.9167
130.6278 31.7283
136.1000 34.6333
138.5158 35.6608
141.1878 38.6919
140.4756 39.4531
135.1264 35.2967
130.5061 33.3778
135.7678 34.8144
137.5006 35.4875
140.3727 37.2865
139.5422 36.2450
130.1931 32.4586
134.9900 34.7967
134.5456 34.8581
140.0489 39.3858
136.9500 35.3833
140.3042 36.3450
139.0000 36.4833
140.0167 36.8667
140.2833 36.1833
130.9831 33.7286
140.4992 35.8978
139.9756 35.9514
135.9981 35.0217
141.5778 42.8826
138.4650 35.6083
132.5606 33.2233
134.6667 33.9167
136.1844 35.9567
135.3833 33.7333
133.7467 34.6728
140.5647 40.2717
138.6400 35.6472
140.6450 35.9658
136.7000 35.3167
140.3179 35.6659
130.4911 33.7669
131.8994 32.9603
137.9500 36.1167
137.9539 35.8275
139.1019 34.9658
130.4061 33.1631
137.0744 35.0897
139.9547 35.4300
130.5597 32.9281
135.8375 34.5967
140.6481 35.7161
136.0667 35.6500
141.0214 38.7303
140.0564 35.7917
127.9775 26.5917
136.3150 36.3028
130.7897 32.8858
139.0667 36.2667
140.3783 38.3622
127.6872 26.1181
133.6958 34.1475
130.9414 33.3211
136.7333 35.1500
135.0358 35.1772
135.2736 34.3658
130.4667 33.7333
135.6000 34.3167
130.5578 33.2119
139.8422 36.3872
141.2058 40.6128
131.1819 34.0033
139.9939 36.0236
130.5556 33.3964
141.5700 38.9083
131.6239 32.4228
137.1831 34.6414
138.1149 36.5307
140.2108 37.1264
139.0856 35.9917
141.5636 42.9857
136.8333 34.8833
140.5631 37.8189
135.3625 34.2697
141.3067 43.1783
137.5317 34.7186
140.8267 35.7347
140.3661 35.5600
136.6908 35.3919
137.0167 35.4333
130.6843 32.6478
131.8703 34.0150
133.6628 34.1283
133.9458 34.4919
139.4801 38.2239
130.7297 33.7439
141.0769 39.7347
139.3392 35.9078
137.1833 35.3525
134.6167 34.1667
138.1589 35.9956
136.0850 35.0042
135.3111 34.2564
138.8833 37.0667
135.8519 34.5189
138.8872 36.3264
140.4314 37.5847
138.3683 38.0183
139.5486 36.1728
132.0800 34.8992
140.4867 36.4575
141.1831 41.2931
140.8953 38.4000
129.8808 33.2647
131.3494 33.5319
140.9572 37.6422
125.2811 24.8056
130.3528 32.0906
139.8889 36.0483
140.0372 35.9631
130.4333 32.9867
139.7258 36.0781
135.2397 34.3594
136.9667 37.0333
133.8606 34.3164
139.8775 36.3053
135.0611 35.6242
141.9572 39.6414
140.4400 40.8081
138.9067 35.1739
130.4222 33.4994
136.9656 34.9772
136.0258 35.0675
136.4517 34.8558
132.8517 34.8058
131.3789 31.6019
130.5022 33.2122
140.0267 40.2122
140.3431 35.7267
138.3069 36.6511
138.7557 37.1275
131.9422 33.9617
130.6656 33.4233
136.4961 36.4375
139.2811 36.3947
130.6914 33.0167
140.3525 36.2394
138.1142 36.0392
140.2000 36.0333
140.3211 35.5217
140.4136 35.6028
124.1500 24.3333
135.2092 34.1556
137.4128 35.4494
138.0494 36.0669
136.9667 36.6500
140.3911 38.4314
130.0192 33.1939
134.9317 34.8531
140.5311 36.5383
138.0842 34.7578
136.9167 36.5833
139.2264 37.6564
138.8900 36.2600
141.1067 42.4128
138.8077 35.4875
134.1722 34.3253
130.4022 31.6336
130.4797 33.5914
130.8061 33.6389
138.9289 35.0278
133.6414 33.5756
133.8256 35.4300
133.5072 34.5072
136.0356 35.3528
130.8133 32.9794
140.5164 36.1586
136.8306 34.3283
134.3903 34.7550
140.6528 41.8242
139.8747 37.6511
139.7264 36.0311
127.7706 26.1633
139.9664 36.6853
139.8700 34.9967
140.8700 38.1044
139.0428 36.6439
138.8972 35.1378
136.9150 34.8514
130.8286 32.8625
131.8428 34.6750
131.3989 34.4078
143.2003 42.9917
134.7792 34.2958
136.9833 36.8500
136.7167 35.1167
130.5176 31.5211
130.2017 33.2506
137.5000 34.9000
138.4236 35.7767
138.2247 34.7400
130.3381 32.7756
137.1656 34.8647
130.9728 31.9967
139.6206 35.1442
129.8750 32.8253
134.8419 34.9278
134.0189 34.7553
139.8569 35.3042
138.3694 36.7419
133.7525 35.0756
130.2978 32.6597
139.9675 36.1844
139.1000 35.3206
140.4958 39.1644
132.7112 33.7876
140.7511 36.8019
138.4258 36.3275
130.1875 32.8353
129.4939 28.3772
134.8944 34.3422
134.9167 34.4333
137.4000 36.8000
134.9736 34.9175
127.7444 26.3961
136.5167 35.0000
139.2260 37.8344
139.3217 35.5289
132.5447 33.5064
137.8667 37.0333
140.2372 36.1519
140.2761 38.3811
137.4500 36.8667
139.8000 36.4167
141.9106 43.5578
138.9167 37.5333
140.7658 38.0564
135.2192 35.0758
141.2106 38.4264
140.3239 35.9567
134.3586 34.0664
130.5111 33.5678
140.4167 36.5500
140.4754 39.4531
140.0906 36.3272
130.6331 31.2528
136.9644 35.7486
134.9694 34.9933
140.5661 36.4731
141.3689 40.6833
133.4639 34.5978
135.7267 34.4892
136.2839 35.3153
139.1150 36.3044
135.7858 34.7608
138.9453 35.0894
136.7283 36.6686
133.2364 34.5683
140.9197 37.7967
137.2544 35.3619
134.5906 34.0047
130.9806 33.7761
133.2508 35.4317
130.6583 32.6875
139.3161 35.9417
140.9756 38.3303
130.4747 33.1525
134.0928 34.6650
139.0717 35.0961
131.8047 33.1258
140.3853 35.2539
139.8403 35.0433
136.7067 36.7200
130.7117 33.5633
132.9006 35.2878
130.8717 32.8803
140.5692 37.4414
132.7039 33.7575
132.5111 33.3631
140.5644 35.7078
130.4314 33.7139
134.2383 34.0789
144.2736 44.0206
141.7083 39.0822
128.8408 32.6956
136.5614 35.1158
140.3016 38.7650
132.8722 33.7910
134.5486 35.0058
138.9667 37.2333
139.3539 35.7719
138.7951 37.3144
133.2317 35.5397
130.3839 33.2067
134.5781 34.8336
140.8647 42.4719
133.0167 34.8578
139.5864 35.2719
140.8528 38.0378
130.4417 31.3783
133.5850 34.5278
135.6628 34.8839
141.8856 39.2758
131.5850 32.9781
130.8164 32.7914
141.7000 45.4000
138.6853 35.6922
131.0192 31.6536
139.3114 35.3069
141.7753 40.1903
131.4267 33.1800
136.6367 35.2206
136.6786 35.4831
140.6197 38.0022
130.3233 31.4167
132.9339 32.9917
139.1942 36.1156
135.7931 34.5542
133.7872 34.2283
133.7006 33.5642
137.3333 36.7667
138.9028 35.0992
131.1822 34.3711
134.1881 34.7450
132.4997 35.1922
141.1678 39.5547
127.7186 26.1582
138.5172 35.5997
140.4892 35.9903
137.9339 35.7289
130.5264 33.6239
139.9889 39.8833
140.5944 40.6428
140.0989 35.1142
135.2586 35.2989
132.4233 33.4631
140.4247 36.2869
130.6114 33.8536
130.7625 32.2100
139.9167 36.4333
139.9242 36.8067
135.4700 35.1072
138.1281 34.6381
139.1447 36.2519
134.9136 34.7489
130.3731 33.3108
132.1017 33.9639
137.2442 35.8058
140.3939 37.5133
140.1483 38.0553
136.4875 35.9806
140.5664 40.5842
129.8486 32.8289
138.9056 35.5514
138.2500 37.0333
140.3800 40.8089
139.8153 35.9258
130.5072 33.5872
138.2519 34.7708
130.5953 33.4569
135.3761 34.8950
140.3708 40.2261
139.9867 36.6311
138.3306 36.3594
131.0999 31.4772
136.9156 34.9325
140.2678 38.1497
135.7333 34.6167
138.7294 35.7053
138.4464 35.7089
140.7883 40.2158
129.5539 33.3681
133.6168 34.7910
139.2661 36.0533
136.8667 36.6833
131.4014 32.1086
134.4681 34.8036
134.8500 35.3250
138.9469 34.9767
129.2875 34.2028
134.3589 34.2439
140.8864 38.4464
131.5303 33.3708
135.7467 35.4956
140.6944 41.8958
134.1700 34.0533
139.4167 38.0667
141.1431 39.6058
140.7819 37.9772
132.8432 35.3929
130.0986 33.1042
135.9525 34.5278
136.6450 36.6536
131.6184 33.4200
140.5553 35.9472
130.7550 33.3472
135.6937 34.3520
133.4703 34.9772
140.7097 36.7136
136.2289 36.2114
130.2719 31.7147
132.7039 34.6664
134.1344 34.2683
142.4633 44.3558
136.5333 35.3667
136.5614 35.3083
130.6667 33.7236
132.2167 34.2000
136.5836 35.0742
136.0000 33.7167
143.3561 42.9083
139.4675 36.2639
135.1278 34.0831
133.6861 33.6039
129.6431 32.9331
136.9078 35.3325
140.0406 38.1078
133.4253 33.4961
137.8500 36.5000
130.4544 33.3250
131.7317 33.5653
130.0600 33.1278
139.7408 36.2331
134.4406 34.0747
131.1250 31.7308
138.7550 35.4972
134.1486 35.0086
136.7814 35.5061
139.0333 37.6667
135.2161 34.0575
141.5336 39.3275
137.9819 35.9150
141.3047 40.2711
137.3167 36.6667
129.6939 33.7489
145.5831 43.3300
131.0801 32.9373
139.8478 39.8867
141.3978 40.5992
135.7403 34.4633
140.1517 36.6569
131.1303 33.6117
139.7950 36.1086
140.7306 39.7000
140.7336 38.0500
130.6131 32.0572
130.4306 32.5875
141.0569 38.5444
139.1083 35.1478
136.8992 37.3906
136.5731 35.4422
137.5000 36.9333
132.9069 34.3417
141.0953 39.9264
133.7536 34.2725
133.8072 34.0260
140.1211 37.0197
132.5844 34.3358
127.7911 26.2672
139.0103 36.4475
130.4000 32.2167
131.2058 34.1667
135.1525 33.8914
144.9714 43.5553
139.9078 39.2031
136.6236 34.5478
136.6275 35.4706
133.9231 34.2494
136.9083 34.7789
132.2211 35.0114
139.1086 35.6303
137.1861 36.2383
140.5042 35.6656
138.9400 35.6106
140.1892 38.0028
140.3803 38.4833
136.5006 36.0608
130.1233 33.1483
131.5069 33.5757
142.3683 42.3414
130.7800 33.6833
134.7675 35.4047
140.0931 36.4675
132.4442 34.2228
140.8550 38.5719
136.2125 35.1689
129.7092 33.3411
140.2667 35.7167
143.3542 44.3564
139.8914 36.1814
136.2461 35.0181
142.3833 43.3419
133.4333 33.5500
138.9453 34.6794
140.1553 37.1419
137.8167 34.6783
141.8538 43.3329
133.2831 33.4008
139.3608 36.0661
140.2439 35.8408
132.7922 33.7492
131.5033 32.1283
141.6369 43.9411
130.5514 33.2414
136.7789 36.8936
130.4553 31.9064
142.0536 43.7233
130.2969 31.2728
135.3481 33.6781
139.9047 38.8497
135.1528 35.5653
136.1297 35.9742
139.4817 35.9814
138.5969 36.3486
131.3978 32.9736
134.7603 34.9503
136.5681 35.4869
136.6000 35.4167
144.4661 42.9961
130.6683 33.8481
136.9075 35.5447
137.3667 36.7000
138.3656 36.8517
143.5281 44.0617
134.9233 35.0503
132.5833 32.9622
134.1397 34.3376
132.7261 32.9389
129.8492 33.2106
130.1928 32.0144
139.8342 37.4649
141.0594 38.3047
136.2986 36.0922
138.0803 36.0697
144.1072 43.8236
135.7006 34.6292
130.9206 33.6992
137.9875 35.9825
140.5825 39.4617
139.4539 36.0400
131.3236 31.9906
139.3203 36.0567
135.4942 34.9189
127.7931 26.3011
130.1103 33.2886
140.7836 43.1953
143.0508 42.9119
136.7781 37.0064
138.9833 35.3667
139.1233 35.3364
139.1564 35.3267
130.5231 33.4269
141.6294 39.0153
142.4006 44.1786
140.3764 36.4792
137.1308 35.4344
140.3144 38.4264
132.5383 34.6744
139.2575 35.7422
136.8434 34.4813
130.8111 32.0456
129.0733 32.9844
140.4928 37.4411
131.6489 32.4697
137.9272 34.8356
133.8414 34.1922
138.9991 36.6786
136.9297 34.7153
131.0561 33.6561
140.3386 37.2011
131.9690 34.0495
135.7900 34.3906
140.3211 35.1525
131.2284 31.4645
136.6739 35.0231
131.4878 32.0689
141.9035 43.4948
130.3989 33.3211
135.1956 35.5356
130.8019 32.7144
136.9017 36.9889
141.3817 40.4669
141.2578 40.7281
141.3558 42.5511
140.5750 36.3133
135.7328 34.8814
133.6928 35.4953
133.8647 35.4900
136.1833 34.0667
133.9072 33.5025
137.9753 35.8728
135.6297 34.4917
130.4528 32.9297
130.6225 33.3725
131.8611 33.0725
141.3078 40.5311
136.1000 33.8833
138.5089 36.3214
134.5803 34.1339
134.6292 35.6322
134.2508 35.4092
140.2653 42.2558
130.4931 32.2989
135.5042 34.2964
141.5169 43.2169
140.1394 35.8578
140.9844 39.6942
133.1356 33.2083
134.3558 35.0042
130.8153 33.6000
140.3553 36.7681
136.6308 34.4903
141.1161 39.1956
133.4961 35.5108
141.1347 38.5447
137.1500 37.3067
130.6742 33.7919
131.5258 32.1919
135.4289 33.6961
140.4406 35.5350
132.6581 33.5331
138.8408 36.5872
140.7592 42.9017
136.6656 35.3356
139.8217 37.5614
140.0581 36.5481
140.0050 40.1017
140.1714 36.7383
133.0567 34.5867
135.1422 34.3169
140.5764 42.1050
140.5025 40.6561
145.1175 43.3942
141.7181 40.4086
132.0414 33.9547
140.4058 38.6008
135.7869 33.4858
130.9975 30.7325
130.6639 33.8939
132.1953 33.9275
138.9814 36.4403
138.5022 35.5653
130.4397 33.2106
129.8956 33.1381
140.3019 36.0044
130.8981 32.2403
136.2314 34.1092
141.9489 39.4675
139.6022 36.2262
129.6506 33.2383
131.1514 33.2833
140.4522 37.1442
136.5461 34.4961
140.0458 38.0044
141.1578 40.7447
133.7586 35.4900
133.8283 34.6006
138.1803 36.4619
139.7733 37.2003
139.2667 37.9667
127.7553 26.3617
140.5620 39.5963
130.9453 31.3447
140.3542 35.4122
138.4614 35.5611
135.6476 34.5187
135.9408 33.6261
140.4678 35.7356
135.9083 35.5489
138.2408 35.9147
134.3561 34.8736
133.9369 34.0367
139.3342 35.9817
140.2625 38.2892
134.2336 34.4819
130.4416 31.3783
130.7011 31.4928
129.8614 33.0728
133.3167 36.2000
140.4131 39.1994
130.6781 33.5789
134.1575 34.8028
134.4625 34.1442
140.1047 37.5578
132.5139 34.3414
141.0610 38.3736
140.6689 35.8372
133.5872 34.6278
139.1019 36.2139
140.3797 37.0297
141.6211 40.4525
127.8981 26.6581
134.4492 35.6233
130.9900 32.6850
134.1858 34.4861
140.4575 40.6961
139.9292 39.0158
133.9583 34.9978
137.8786 35.5514
136.6644 35.0342
137.2603 37.4364
142.1894 43.5183
138.9219 36.2431
135.4233 35.1644
140.0986 38.1831
140.3436 37.2528
140.5983 37.6650
137.9097 35.5972
141.1286 40.8644
140.4286 40.7589
138.8204 36.5715
140.7656 37.9114
133.2867 33.5008
131.0058 31.4292
132.0733 33.9381
136.7978 36.8628
140.5092 42.9789
140.3689 35.3728
141.2125 39.9725
136.1244 35.0608
142.7683 42.1686
132.9550 32.7814
140.8778 37.9625
133.9331 35.0919
133.5569 34.5136
130.6650 30.3711
134.4050 34.1214
140.1875 36.5322
131.3078 32.7117
140.5164 37.8494
135.3217 33.7725
142.0742 42.4803
133.0025 35.1975
134.1519 33.2900
135.1903 34.0294
139.0500 37.7000
127.9261 26.4561
139.0414 34.7728
141.7842 43.0564
140.6589 38.0981
140.1022 36.5433
141.2953 40.2131
139.4425 36.2178
144.6708 43.9114
139.5342 36.2114
139.2942 35.9644
134.7631 34.9894
138.4125 36.7447
134.6622 33.9511
130.6736 32.5825
134.1161 35.0419
139.1814 36.1772
127.8536 26.4975
138.3122 36.6978
139.0264 35.1894
136.7039 34.3519
139.1394 35.3483
141.4464 38.6778
137.5667 36.9500
139.0086 36.0172
141.9064 39.3597
134.3319 35.5758
140.2831 38.3333
139.2969 36.0086
140.3744 35.4544
140.7225 38.1186
134.7394 35.0642
141.3247 40.6097
141.6953 43.0103
133.4075 35.3853
142.4672 43.4556
136.0097 33.7339
133.6939 34.8625
138.4425 35.4675
137.6917 35.8425
133.3267 35.3403
131.0178 32.8451
142.4517 43.6964
129.0186 27.7267
138.2356 36.7550
130.8411 32.2011
139.8506 36.7775
130.7572 32.7400
135.5511 35.4903
130.8472 33.6681
137.1417 35.4761
141.3744 40.9675
130.8117 32.6514
133.0108 33.0250
132.4378 34.8939
138.4833 36.1611
131.5597 32.2567
137.0706 35.4867
140.9561 40.9261
142.4669 43.5883
139.2189 35.3308
142.0442 43.5581
135.7742 34.5844
139.0839 35.3606
137.8747 36.4214
127.9728 26.6825
139.0989 36.0708
142.8847 43.0111
130.5000 33.6467
141.3493 38.8585
130.6058 32.9781
137.9194 35.6764
130.5414 33.0617
130.9358 32.2642
130.8542 33.5717
140.2456 35.2850
137.9442 35.7689
139.6543 36.0220
137.8619 36.6982
131.0078 31.9283
141.7967 39.8431
140.5678 40.5183
132.3542 33.4883
141.4606 40.3267
140.4097 36.9572
141.8756 43.2458
130.1792 33.0194
138.8500 37.6833
138.8174 36.9340
135.8033 34.7986
139.1372 35.1583
140.5500 40.6317
141.8181 42.7628
130.7128 33.6925
139.8833 42.4169
130.9586 30.5331
135.2181 33.8183
144.0717 42.9561
140.2372 35.3867
141.9739 43.0569
144.6008 43.3033
140.1275 41.8694
136.2922 35.2219
141.1142 38.9867
134.4966 33.8574
139.9278 40.6481
139.0619 36.1606
138.4861 35.2425
140.4142 35.6931
140.3486 35.1917
139.7433 38.0614
144.4592 43.4853
131.2531 31.9992
139.1100 36.1100
136.4672 35.3653
140.2269 35.4308
140.1106 41.4300
143.6106 43.1244
138.9875 34.7572
130.1161 33.2139
143.5542 43.2447
140.8500 38.5489
130.9031 32.8347
143.3117 42.2861
132.2203 34.2022
140.3728 38.5939
130.9733 31.3858
142.5083 43.8281
128.6553 27.3922
138.7892 36.2125
134.2267 35.2650
140.2953 37.1569
138.5961 36.6206
140.4128 37.0808
135.8500 34.4000
127.9756 26.4817
128.9375 27.6736
143.2411 43.1683
138.7789 34.7531
140.4053 35.9017
142.8389 43.0797
140.8803 38.4675
129.5894 28.4131
128.5736 27.3336
131.1219 32.8272
141.4444 38.4456
145.1294 43.0772
128.8978 27.8092
140.0733 39.9494
141.4364 40.0397
135.8206 34.4711
143.2789 42.4975
142.3186 42.3625
141.8828 43.4253
138.8608 35.4106
133.2519 33.5328
145.1314 43.6614
140.3804 42.5136
140.3394 38.8833
138.6375 36.5522
140.0086 42.4294
