31.1342 29.9792
-1.82611 51.1786
29.8856 31.2139
44.2475 33.5355
28.9799 41.0085
28.2278 36.4511
27.4242 37.0378
21.63 37.6378
27.3639 37.9497
-122.479 37.8197
-78.6131 43.6425
1.5041 51.0125
3.72 51.65
-79.68 9.08
-73.9856 40.7483
-54.5889 -24.5919
29.893 31.1786
117.232 40.6769
12.4922 41.89
-88.5686 20.6828
10.3964 43.7231
118.73 32.0803
-72.5456 -12.8367
-43.2106 -21.0481
12.4922 41.89
31.1342 29.9792
35.4419 30.3286
78.0419 27.175
117.232 40.6767
-102.251 19.4928
-112.1 36.1
0 80
-43.1556 -21.2097
25.8567 -16.0756
86.9253 27.9881
147.7 -17.7139
-114.738 36.0156
-79.68 9.08
-73.9964 40.7056
-2.38722 56.4342
-0.00555556 51.4886
-0.105833 51.5072
-121.07 38.9233
-88.5686 20.6828
-171.733 25.7
-112.1 36.1
0 89.9999
35.2342 31.7767
35.1439 -0.51
91.1169 29.6578
